vertices
40.6266 28.3457 -1.10804   
40.0714 30.4443 -1.10804   
40.7155 31.1438 -1.10804   
42.0257 30.4443 -1.10804   
43.4692 28.3457 -1.10804   
37.5425 28.3457 14.5117   
37.0303 30.4443 14.2938   
37.6244 31.1438 14.5466   
38.8331 30.4443 15.0609   
40.1647 28.3457 15.6274   
29.0859 28.3457 27.1468   
28.6917 30.4443 26.7527   
29.149 31.1438 27.2099   
30.0792 30.4443 28.1402   
31.1041 28.3457 29.165   
16.4508 28.3457 35.6034   
16.2329 30.4443 35.0912   
16.4857 31.1438 35.6853   
16.9999 30.4443 36.894   
17.5665 28.3457 38.2256   
0.831025 28.3457 38.6876   
0.831025 30.4443 38.1324   
0.831025 31.1438 38.7764   
0.831025 30.4443 40.0866   
0.831025 28.3457 41.5301   
-15.868 28.3457 35.6034   
-15.0262 30.4443 35.0912   
-14.9585 31.1438 35.6853   
-15.3547 30.4443 36.894   
-15.9044 28.3457 38.2256   
-28.3832 28.3457 27.1468   
-27.4344 30.4443 26.7527   
-27.6068 31.1438 27.2099   
-28.4322 30.4443 28.1402   
-29.4421 28.3457 29.165   
-36.2402 28.3457 14.5117   
-35.52 30.4443 14.2938   
-36.0073 31.1438 14.5466   
-37.1767 30.4443 15.0609   
-38.5027 28.3457 15.6274   
-38.9646 28.3457 -1.10804   
-38.4094 30.4443 -1.10804   
-39.0534 31.1438 -1.10804   
-40.3636 30.4443 -1.10804   
-41.8071 28.3457 -1.10804   
-35.8804 28.3457 -16.7278   
-35.3683 30.4443 -16.5099   
-35.9624 31.1438 -16.7627   
-37.1711 30.4443 -17.2769   
-38.5027 28.3457 -17.8435   
-27.4238 28.3457 -29.3629   
-27.0297 30.4443 -28.9687   
-27.4869 31.1438 -29.426   
-28.4172 30.4443 -30.3562   
-29.4421 28.3457 -31.3811   
-14.7887 28.3457 -37.8195   
-14.5708 30.4443 -37.3073   
-14.8236 31.1438 -37.9014   
-15.3379 30.4443 -39.1101   
-15.9044 28.3457 -40.4417   
0.831025 28.3457 -40.9036   
0.831025 30.4443 -40.3484   
0.831025 31.1438 -40.9925   
0.831025 30.4443 -42.3027   
0.831025 28.3457 -43.7462   
16.4508 28.3457 -37.8195   
16.2329 30.4443 -37.3073   
16.4857 31.1438 -37.9014   
16.9999 30.4443 -39.1101   
17.5665 28.3457 -40.4417   
29.0859 28.3457 -29.3629   
28.6917 30.4443 -28.9687   
29.149 31.1438 -29.426   
30.0792 30.4443 -30.3562   
31.1041 28.3457 -31.3811   
37.5425 28.3457 -16.7278   
37.0303 30.4443 -16.5099   
37.6244 31.1438 -16.7627   
38.8331 30.4443 -17.2769   
40.1647 28.3457 -17.8435   
48.6879 17.1865 -1.10804   
53.2404 6.22714 -1.10804   
56.4605 -4.33246 -1.10804   
57.6819 -14.2925 -1.10804   
44.979 17.1865 17.6758   
49.1787 6.22714 19.4626   
52.1492 -4.33246 20.7265   
53.2759 -14.2925 21.2059   
34.8094 17.1865 32.8703   
38.0417 6.22714 36.1026   
40.3279 -4.33246 38.3889   
41.1951 -14.2925 39.2561   
19.6148 17.1865 43.0399   
21.4017 6.22714 47.2396   
22.6656 -4.33246 50.2101   
23.145 -14.2925 51.3369   
0.831025 17.1865 46.7488   
0.831025 6.22714 51.3013   
0.831025 -4.33246 54.5214   
0.831025 -14.2925 55.7428   
-17.9528 17.1865 43.0399   
-19.7397 6.22714 47.2396   
-21.0035 -4.33246 50.2101   
-21.4829 -14.2925 51.3369   
-33.1474 17.1865 32.8703   
-36.3796 6.22714 36.1026   
-38.6659 -4.33246 38.3889   
-39.5331 -14.2925 39.2561   
-43.3169 17.1865 17.6758   
-47.5166 6.22714 19.4626   
-50.4871 -4.33246 20.7265   
-51.6139 -14.2925 21.2059   
-47.0258 17.1865 -1.10804   
-51.5784 6.22714 -1.10804   
-54.7984 -4.33246 -1.10804   
-56.0198 -14.2925 -1.10804   
-43.3169 17.1865 -19.8919   
-47.5166 6.22714 -21.6787   
-50.4871 -4.33246 -22.9426   
-51.6139 -14.2925 -23.422   
-33.1474 17.1865 -35.0864   
-36.3796 6.22714 -38.3187   
-38.6659 -4.33246 -40.6049   
-39.5331 -14.2925 -41.4721   
-17.9528 17.1865 -45.256   
-19.7397 6.22714 -49.4557   
-21.0035 -4.33246 -52.4262   
-21.4829 -14.2925 -53.5529   
0.831025 17.1865 -48.9649   
0.831025 6.22714 -53.5174   
0.831025 -4.33246 -56.7375   
0.831025 -14.2925 -57.9589   
19.6148 17.1865 -45.256   
21.4017 6.22714 -49.4557   
22.6656 -4.33246 -52.4262   
23.145 -14.2925 -53.5529   
34.8094 17.1865 -35.0864   
38.0417 6.22714 -38.3187   
40.3279 -4.33246 -40.6049   
41.1951 -14.2925 -41.4721   
44.979 17.1865 -19.8919   
49.1787 6.22714 -21.6787   
52.1492 -4.33246 -22.9426   
53.2759 -14.2925 -23.422   
55.4611 -22.7202 -1.10804   
50.5755 -28.9493 -1.10804   
45.6899 -33.1798 -1.10804   
43.4692 -35.6115 -1.10804   
51.2273 -22.7202 20.3343   
46.7203 -28.9493 18.4167   
42.2133 -33.1798 16.4991   
40.1647 -35.6115 15.6274   
39.6184 -22.7202 37.6793   
36.1496 -28.9493 34.2106   
32.6808 -33.1798 30.7418   
31.1041 -35.6115 29.165   
22.2733 -22.7202 49.2882   
20.3557 -28.9493 44.7813   
18.4381 -33.1798 40.2743   
17.5665 -35.6115 38.2256   
0.831025 -22.7202 53.5221   
0.831025 -28.9493 48.6365   
0.831025 -33.1798 43.7508   
0.831025 -35.6115 41.5301   
-20.6113 -22.7202 49.2882   
-18.6937 -28.9493 44.7813   
-16.7761 -33.1798 40.2743   
-15.9044 -35.6115 38.2256   
-37.9564 -22.7202 37.6793   
-34.4876 -28.9493 34.2106   
-31.0188 -33.1798 30.7418   
-29.4421 -35.6115 29.165   
-49.5653 -22.7202 20.3343   
-45.0583 -28.9493 18.4167   
-40.5513 -33.1798 16.4991   
-38.5027 -35.6115 15.6274   
-53.7991 -22.7202 -1.10804   
-48.9135 -28.9493 -1.10804   
-44.0279 -33.1798 -1.10804   
-41.8071 -35.6115 -1.10804   
-49.5653 -22.7202 -22.5504   
-45.0583 -28.9493 -20.6327   
-40.5513 -33.1798 -18.7151   
-38.5027 -35.6115 -17.8435   
-37.9564 -22.7202 -39.8954   
-34.4876 -28.9493 -36.4266   
-31.0188 -33.1798 -32.9578   
-29.4421 -35.6115 -31.3811   
-20.6113 -22.7202 -51.5043   
-18.6937 -28.9493 -46.9973   
-16.7761 -33.1798 -42.4903   
-15.9044 -35.6115 -40.4417   
0.831025 -22.7202 -55.7382   
0.831025 -28.9493 -50.8525   
0.831025 -33.1798 -45.9669   
0.831025 -35.6115 -43.7462   
22.2733 -22.7202 -51.5043   
20.3557 -28.9493 -46.9973   
18.4381 -33.1798 -42.4903   
17.5665 -35.6115 -40.4417   
39.6184 -22.7202 -39.8954   
36.1496 -28.9493 -36.4266   
32.6808 -33.1798 -32.9578   
31.1041 -35.6115 -31.3811   
51.2273 -22.7202 -22.5504   
46.7203 -28.9493 -20.6327   
42.2133 -33.1798 -18.7151   
40.1647 -35.6115 -17.8435   
42.5031 -37.1772 -1.10804   
37.3399 -38.5429 -1.10804   
24.5818 -39.5089 -1.10804   
0.831025 -39.8754 -1.10804   
39.2736 -37.1772 15.2483   
34.5105 -38.5429 13.2217   
22.7411 -39.5089 8.21414   
30.4182 -37.1772 28.4792   
26.7523 -38.5429 24.8133   
17.6941 -39.5089 15.755   
17.1873 -37.1772 37.3345   
15.1608 -38.5429 32.5714   
10.1532 -39.5089 20.8021   
0.831025 -37.1772 40.5641   
0.831025 -38.5429 35.4009   
0.831025 -39.5089 22.6427   
-15.5253 -37.1772 37.3345   
-13.4987 -38.5429 32.5714   
-8.49115 -39.5089 20.8021   
-28.7562 -37.1772 28.4792   
-25.0903 -38.5429 24.8133   
-16.032 -39.5089 15.755   
-37.6115 -37.1772 15.2483   
-32.8484 -38.5429 13.2217   
-21.0791 -39.5089 8.21414   
-40.8411 -37.1772 -1.10804   
-35.6779 -38.5429 -1.10804   
-22.9198 -39.5089 -1.10804   
-37.6115 -37.1772 -17.4643   
-32.8484 -38.5429 -15.4378   
-21.0791 -39.5089 -10.4302   
-28.7562 -37.1772 -30.6952   
-25.0903 -38.5429 -27.0294   
-16.032 -39.5089 -17.9711   
-15.5253 -37.1772 -39.5506   
-13.4987 -38.5429 -34.7875   
-8.49115 -39.5089 -23.0181   
0.831025 -37.1772 -42.7802   
0.831025 -38.5429 -37.6169   
0.831025 -39.5089 -24.8588   
17.1873 -37.1772 -39.5506   
15.1608 -38.5429 -34.7875   
10.1532 -39.5089 -23.0181   
30.4182 -37.1772 -30.6952   
26.7523 -38.5429 -27.0294   
17.6941 -39.5089 -17.9711   
39.2736 -37.1772 -17.4643   
34.5105 -38.5429 -15.4378   
22.7411 -39.5089 -10.4302   
-44.6497 17.6861 -1.10804   
-57.9297 17.5862 -1.10804   
-67.7453 16.8867 -1.10804   
-73.8301 14.9879 -1.10804   
-75.9176 11.2904 -1.10804   
-44.2055 18.6855 3.68876   
-58.3252 18.5699 3.68876   
-68.6891 17.7611 3.68876   
-75.0724 15.5657 3.68876   
-77.2501 11.2904 3.68876   
-43.2284 20.884 5.28769   
-59.1955 20.7341 5.28769   
-70.7655 19.6848 5.28769   
-77.8053 16.8367 5.28769   
-80.1814 11.2904 5.28769   
-42.2513 23.0825 3.68876   
-60.0657 22.8983 3.68876   
-72.8419 21.6085 3.68876   
-80.5381 18.1077 3.68876   
-83.1128 11.2904 3.68876   
-41.8071 24.0819 -1.10804   
-60.4613 23.882 -1.10804   
-73.7857 22.4829 -1.10804   
-81.7804 18.6855 -1.10804   
-84.4453 11.2904 -1.10804   
-42.2513 23.0825 -5.90483   
-60.0657 22.8983 -5.90483   
-72.8419 21.6085 -5.90483   
-80.5381 18.1077 -5.90483   
-83.1128 11.2904 -5.90483   
-43.2284 20.884 -7.50376   
-59.1955 20.7341 -7.50376   
-70.7655 19.6848 -7.50376   
-77.8053 16.8367 -7.50376   
-80.1814 11.2904 -7.50376   
-44.2055 18.6855 -5.90483   
-58.3252 18.5699 -5.90483   
-68.6891 17.7611 -5.90483   
-75.0724 15.5657 -5.90483   
-77.2501 11.2904 -5.90483   
-74.8073 5.4943 -1.10804   
-71.2985 -1.50103 -1.10804   
-65.1248 -8.49634 -1.10804   
-56.0198 -14.2925 -1.10804   
-76.0183 4.93477 3.68876   
-72.159 -2.35462 3.68876   
-65.4267 -9.55033 3.68876   
-55.5757 -15.6249 3.68876   
-78.6824 3.70383 5.28769   
-74.0522 -4.23253 5.28769   
-66.0909 -11.8691 5.28769   
-54.5986 -18.5563 5.28769   
-81.3466 2.47288 3.68876   
-75.9454 -6.11044 3.68876   
-66.755 -14.1878 3.68876   
-53.6214 -21.4877 3.68876   
-82.5576 1.91336 -1.10804   
-76.8059 -6.96404 -1.10804   
-67.0569 -15.2418 -1.10804   
-53.1773 -22.8201 -1.10804   
-81.3466 2.47288 -5.90483   
-75.9454 -6.11044 -5.90483   
-66.755 -14.1878 -5.90483   
-53.6214 -21.4877 -5.90483   
-78.6824 3.70383 -7.50376   
-74.0522 -4.23253 -7.50376   
-66.0909 -11.8691 -7.50376   
-54.5986 -18.5563 -7.50376   
-76.0183 4.93477 -5.90483   
-72.159 -2.35462 -5.90483   
-65.4267 -9.55033 -5.90483   
-55.5757 -15.6249 -5.90483   
49.1543 0.630882 -1.10804   
62.7896 3.76212 -1.10804   
68.6967 11.2904 -1.10804   
71.939 20.4176 -1.10804   
77.5797 28.3457 -1.10804   
49.1543 -3.03333 9.4449   
63.8305 1.04519 8.42059   
70.0292 9.70814 6.1671   
73.5629 19.8451 3.91361   
80.2446 28.3457 2.88929   
49.1543 -11.0946 12.9626   
66.1207 -4.93206 11.5968   
72.9605 6.22714 8.59214   
77.1355 18.5855 5.58749   
86.1073 28.3457 4.22173   
49.1543 -19.1559 9.4449   
68.4108 -10.9093 8.42059   
75.8919 2.74614 6.1671   
80.7081 17.326 3.91361   
91.97 28.3457 2.88929   
49.1543 -22.8201 -1.10804   
69.4518 -13.6262 -1.10804   
77.2244 1.16386 -1.10804   
82.3321 16.7534 -1.10804   
94.6349 28.3457 -1.10804   
49.1543 -19.1559 -11.661   
68.4108 -10.9093 -10.6367   
75.8919 2.74614 -8.38317   
80.7081 17.326 -6.12968   
91.97 28.3457 -5.10536   
49.1543 -11.0946 -15.1786   
66.1207 -4.93206 -13.8129   
72.9605 6.22714 -10.8082   
77.1355 18.5855 -7.80356   
86.1073 28.3457 -6.4378   
49.1543 -3.03333 -11.661   
63.8305 1.04519 -10.6367   
70.0292 9.70814 -8.38317   
73.5629 19.8451 -6.12968   
80.2446 28.3457 -5.10536   
79.6227 29.5449 -1.10804   
81.1329 29.9446 -1.10804   
81.577 29.5449 -1.10804   
80.4222 28.3457 -1.10804   
82.4767 29.6034 2.63946   
83.8116 30.0383 2.08983   
83.8515 29.6268 1.54019   
82.1988 28.3457 1.29036   
88.7555 29.7322 3.88862   
89.7049 30.2444 3.15578   
88.8555 29.8072 2.42294   
86.1073 28.3457 2.08983   
95.0343 29.8611 2.63946   
95.5982 30.4505 2.08983   
93.8594 29.9875 1.54019   
90.0158 28.3457 1.29036   
97.8883 29.9196 -1.10804   
98.2769 30.5442 -1.10804   
96.1339 30.0695 -1.10804   
91.7924 28.3457 -1.10804   
95.0343 29.8611 -4.85553   
95.5982 30.4505 -4.3059   
93.8594 29.9875 -3.75626   
90.0158 28.3457 -3.50643   
88.7555 29.7322 -6.10469   
89.7049 30.2444 -5.37185   
88.8555 29.8072 -4.63901   
86.1073 28.3457 -4.3059   
82.4767 29.6034 -4.85553   
83.8116 30.0383 -4.3059   
83.8515 29.6268 -3.75626   
82.1988 28.3457 -3.50643   
0.831025 49.6647 -1.10804   
10.5134 48.2657 -1.10804   
10.0693 44.868 -1.10804   
6.42728 40.6708 -1.10804   
6.51611 36.8733 -1.10804   
9.76642 48.2657 2.70243   
9.35632 44.868 2.52698   
5.9947 40.6708 1.09187   
6.07552 36.8733 1.12336   
7.71453 48.2657 5.77547   
7.39819 44.868 5.45913   
4.80736 40.6708 2.8683   
4.86744 36.8733 2.92838   
4.64149 48.2657 7.82736   
4.46604 44.868 7.41726   
3.03093 40.6708 4.05564   
3.06242 36.8733 4.13646   
0.831025 48.2657 8.57438   
0.831025 44.868 8.13023   
0.831025 40.6708 4.48822   
0.831025 36.8733 4.57705   
-2.97944 48.2657 7.82736   
-2.80399 44.868 7.41726   
-1.36888 40.6708 4.05564   
-1.40037 36.8733 4.13646   
-6.05248 48.2657 5.77547   
-5.73614 44.868 5.45913   
-3.14531 40.6708 2.8683   
-3.20539 36.8733 2.92838   
-8.10437 48.2657 2.70243   
-7.69427 44.868 2.52698   
-4.33265 40.6708 1.09187   
-4.41347 36.8733 1.12336   
-8.85139 48.2657 -1.10804   
-8.40724 44.868 -1.10804   
-4.76523 40.6708 -1.10804   
-4.85406 36.8733 -1.10804   
-8.10437 48.2657 -4.9185   
-7.69427 44.868 -4.74305   
-4.33265 40.6708 -3.30794   
-4.41347 36.8733 -3.33943   
-6.05248 48.2657 -7.99154   
-5.73614 44.868 -7.6752   
-3.14531 40.6708 -5.08437   
-3.20539 36.8733 -5.14445   
-2.97944 48.2657 -10.0434   
-2.80399 44.868 -9.63333   
-1.36888 40.6708 -6.27171   
-1.40037 36.8733 -6.35253   
0.831025 48.2657 -10.7904   
0.831025 44.868 -10.3463   
0.831025 40.6708 -6.70429   
0.831025 36.8733 -6.79312   
4.64149 48.2657 -10.0434   
4.46604 44.868 -9.63333   
3.03093 40.6708 -6.27171   
3.06242 36.8733 -6.35253   
7.71453 48.2657 -7.99154   
7.39819 44.868 -7.6752   
4.80736 40.6708 -5.08437   
4.86744 36.8733 -5.14445   
9.76642 48.2657 -4.9185   
9.35632 44.868 -4.74305   
5.9947 40.6708 -3.30794   
6.07552 36.8733 -3.33943   
13.8001 34.3417 -1.10804   
24.282 32.6095 -1.10804   
33.6979 30.8773 -1.10804   
37.7841 28.3457 -1.10804   
12.795 34.3417 3.98234   
22.4646 32.6095 8.09647   
31.1507 30.8773 11.7922   
34.9202 28.3457 13.396   
10.0391 34.3417 8.10003   
17.4812 32.6095 15.5422   
24.1665 30.8773 22.2275   
27.0677 28.3457 25.1286   
5.9214 34.3417 10.856   
10.0355 32.6095 20.5255   
13.7313 30.8773 29.2117   
15.3351 28.3457 32.9812   
0.831025 34.3417 11.8611   
0.831025 32.6095 22.3429   
0.831025 30.8773 31.7589   
0.831025 28.3457 35.845   
-4.25935 34.3417 10.856   
-8.37348 32.6095 20.5255   
-12.0692 30.8773 29.2117   
-13.673 28.3457 32.9812   
-8.37704 34.3417 8.10003   
-15.8192 32.6095 15.5422   
-22.5045 30.8773 22.2275   
-25.4056 28.3457 25.1286   
-11.133 34.3417 3.98234   
-20.8025 32.6095 8.09647   
-29.4887 30.8773 11.7922   
-33.2582 28.3457 13.396   
-12.1381 34.3417 -1.10804   
-22.62 32.6095 -1.10804   
-32.0359 30.8773 -1.10804   
-36.122 28.3457 -1.10804   
-11.133 34.3417 -6.19841   
-20.8025 32.6095 -10.3125   
-29.4887 30.8773 -14.0083   
-33.2582 28.3457 -15.6121   
-8.37704 34.3417 -10.3161   
-15.8192 32.6095 -17.7582   
-22.5045 30.8773 -24.4435   
-25.4056 28.3457 -27.3447   
-4.25935 34.3417 -13.072   
-8.37348 32.6095 -22.7416   
-12.0692 30.8773 -31.4277   
-13.673 28.3457 -35.1972   
0.831025 34.3417 -14.0771   
0.831025 32.6095 -24.559   
0.831025 30.8773 -33.9749   
0.831025 28.3457 -38.0611   
5.9214 34.3417 -13.072   
10.0355 32.6095 -22.7416   
13.7313 30.8773 -31.4277   
15.3351 28.3457 -35.1972   
10.0391 34.3417 -10.3161   
17.4812 32.6095 -17.7582   
24.1665 30.8773 -24.4435   
27.0677 28.3457 -27.3447   
12.795 34.3417 -6.19841   
22.4646 32.6095 -10.3125   
31.1507 30.8773 -14.0083   
34.9202 28.3457 -15.6121
faces   
3 0 5 6  
3 6 1 0  
3 1 6 7  
3 7 2 1  
3 2 7 8  
3 8 3 2  
3 3 8 9  
3 9 4 3  
3 5 10 11  
3 11 6 5  
3 6 11 12  
3 12 7 6  
3 7 12 13  
3 13 8 7  
3 8 13 14  
3 14 9 8  
3 10 15 16  
3 16 11 10  
3 11 16 17  
3 17 12 11  
3 12 17 18  
3 18 13 12  
3 13 18 19  
3 19 14 13  
3 15 20 21  
3 21 16 15  
3 16 21 22  
3 22 17 16  
3 17 22 23  
3 23 18 17  
3 18 23 24  
3 24 19 18  
3 20 25 26  
3 26 21 20  
3 21 26 27  
3 27 22 21  
3 22 27 28  
3 28 23 22  
3 23 28 29  
3 29 24 23  
3 25 30 31  
3 31 26 25  
3 26 31 32  
3 32 27 26  
3 27 32 33  
3 33 28 27  
3 28 33 34  
3 34 29 28  
3 30 35 36  
3 36 31 30  
3 31 36 37  
3 37 32 31  
3 32 37 38  
3 38 33 32  
3 33 38 39  
3 39 34 33  
3 35 40 41  
3 41 36 35  
3 36 41 42  
3 42 37 36  
3 37 42 43  
3 43 38 37  
3 38 43 44  
3 44 39 38  
3 40 45 46  
3 46 41 40  
3 41 46 47  
3 47 42 41  
3 42 47 48  
3 48 43 42  
3 43 48 49  
3 49 44 43  
3 45 50 51  
3 51 46 45  
3 46 51 52  
3 52 47 46  
3 47 52 53  
3 53 48 47  
3 48 53 54  
3 54 49 48  
3 50 55 56  
3 56 51 50  
3 51 56 57  
3 57 52 51  
3 52 57 58  
3 58 53 52  
3 53 58 59  
3 59 54 53  
3 55 60 61  
3 61 56 55  
3 56 61 62  
3 62 57 56  
3 57 62 63  
3 63 58 57  
3 58 63 64  
3 64 59 58  
3 60 65 66  
3 66 61 60  
3 61 66 67  
3 67 62 61  
3 62 67 68  
3 68 63 62  
3 63 68 69  
3 69 64 63  
3 65 70 71  
3 71 66 65  
3 66 71 72  
3 72 67 66  
3 67 72 73  
3 73 68 67  
3 68 73 74  
3 74 69 68  
3 70 75 76  
3 76 71 70  
3 71 76 77  
3 77 72 71  
3 72 77 78  
3 78 73 72  
3 73 78 79  
3 79 74 73  
3 75 0 1  
3 1 76 75  
3 76 1 2  
3 2 77 76  
3 77 2 3  
3 3 78 77  
3 78 3 4  
3 4 79 78  
3 4 9 84  
3 84 80 4  
3 80 84 85  
3 85 81 80  
3 81 85 86  
3 86 82 81  
3 82 86 87  
3 87 83 82  
3 9 14 88  
3 88 84 9  
3 84 88 89  
3 89 85 84  
3 85 89 90  
3 90 86 85  
3 86 90 91  
3 91 87 86  
3 14 19 92  
3 92 88 14  
3 88 92 93  
3 93 89 88  
3 89 93 94  
3 94 90 89  
3 90 94 95  
3 95 91 90  
3 19 24 96  
3 96 92 19  
3 92 96 97  
3 97 93 92  
3 93 97 98  
3 98 94 93  
3 94 98 99  
3 99 95 94  
3 24 29 100  
3 100 96 24  
3 96 100 101  
3 101 97 96  
3 97 101 102  
3 102 98 97  
3 98 102 103  
3 103 99 98  
3 29 34 104  
3 104 100 29  
3 100 104 105  
3 105 101 100  
3 101 105 106  
3 106 102 101  
3 102 106 107  
3 107 103 102  
3 34 39 108  
3 108 104 34  
3 104 108 109  
3 109 105 104  
3 105 109 110  
3 110 106 105  
3 106 110 111  
3 111 107 106  
3 39 44 112  
3 112 108 39  
3 108 112 113  
3 113 109 108  
3 109 113 114  
3 114 110 109  
3 110 114 115  
3 115 111 110  
3 44 49 116  
3 116 112 44  
3 112 116 117  
3 117 113 112  
3 113 117 118  
3 118 114 113  
3 114 118 119  
3 119 115 114  
3 49 54 120  
3 120 116 49  
3 116 120 121  
3 121 117 116  
3 117 121 122  
3 122 118 117  
3 118 122 123  
3 123 119 118  
3 54 59 124  
3 124 120 54  
3 120 124 125  
3 125 121 120  
3 121 125 126  
3 126 122 121  
3 122 126 127  
3 127 123 122  
3 59 64 128  
3 128 124 59  
3 124 128 129  
3 129 125 124  
3 125 129 130  
3 130 126 125  
3 126 130 131  
3 131 127 126  
3 64 69 132  
3 132 128 64  
3 128 132 133  
3 133 129 128  
3 129 133 134  
3 134 130 129  
3 130 134 135  
3 135 131 130  
3 69 74 136  
3 136 132 69  
3 132 136 137  
3 137 133 132  
3 133 137 138  
3 138 134 133  
3 134 138 139  
3 139 135 134  
3 74 79 140  
3 140 136 74  
3 136 140 141  
3 141 137 136  
3 137 141 142  
3 142 138 137  
3 138 142 143  
3 143 139 138  
3 79 4 80  
3 80 140 79  
3 140 80 81  
3 81 141 140  
3 141 81 82  
3 82 142 141  
3 142 82 83  
3 83 143 142  
3 83 87 148  
3 148 144 83  
3 144 148 149  
3 149 145 144  
3 145 149 150  
3 150 146 145  
3 146 150 151  
3 151 147 146  
3 87 91 152  
3 152 148 87  
3 148 152 153  
3 153 149 148  
3 149 153 154  
3 154 150 149  
3 150 154 155  
3 155 151 150  
3 91 95 156  
3 156 152 91  
3 152 156 157  
3 157 153 152  
3 153 157 158  
3 158 154 153  
3 154 158 159  
3 159 155 154  
3 95 99 160  
3 160 156 95  
3 156 160 161  
3 161 157 156  
3 157 161 162  
3 162 158 157  
3 158 162 163  
3 163 159 158  
3 99 103 164  
3 164 160 99  
3 160 164 165  
3 165 161 160  
3 161 165 166  
3 166 162 161  
3 162 166 167  
3 167 163 162  
3 103 107 168  
3 168 164 103  
3 164 168 169  
3 169 165 164  
3 165 169 170  
3 170 166 165  
3 166 170 171  
3 171 167 166  
3 107 111 172  
3 172 168 107  
3 168 172 173  
3 173 169 168  
3 169 173 174  
3 174 170 169  
3 170 174 175  
3 175 171 170  
3 111 115 176  
3 176 172 111  
3 172 176 177  
3 177 173 172  
3 173 177 178  
3 178 174 173  
3 174 178 179  
3 179 175 174  
3 115 119 180  
3 180 176 115  
3 176 180 181  
3 181 177 176  
3 177 181 182  
3 182 178 177  
3 178 182 183  
3 183 179 178  
3 119 123 184  
3 184 180 119  
3 180 184 185  
3 185 181 180  
3 181 185 186  
3 186 182 181  
3 182 186 187  
3 187 183 182  
3 123 127 188  
3 188 184 123  
3 184 188 189  
3 189 185 184  
3 185 189 190  
3 190 186 185  
3 186 190 191  
3 191 187 186  
3 127 131 192  
3 192 188 127  
3 188 192 193  
3 193 189 188  
3 189 193 194  
3 194 190 189  
3 190 194 195  
3 195 191 190  
3 131 135 196  
3 196 192 131  
3 192 196 197  
3 197 193 192  
3 193 197 198  
3 198 194 193  
3 194 198 199  
3 199 195 194  
3 135 139 200  
3 200 196 135  
3 196 200 201  
3 201 197 196  
3 197 201 202  
3 202 198 197  
3 198 202 203  
3 203 199 198  
3 139 143 204  
3 204 200 139  
3 200 204 205  
3 205 201 200  
3 201 205 206  
3 206 202 201  
3 202 206 207  
3 207 203 202  
3 143 83 144  
3 144 204 143  
3 204 144 145  
3 145 205 204  
3 205 145 146  
3 146 206 205  
3 206 146 147  
3 147 207 206  
3 147 151 212  
3 212 208 147  
3 208 212 213  
3 213 209 208  
3 209 213 214  
3 214 210 209  
3 210 214 211  
3 211 211 210  
3 151 155 215  
3 215 212 151  
3 212 215 216  
3 216 213 212  
3 213 216 217  
3 217 214 213  
3 214 217 211  
3 211 211 214  
3 155 159 218  
3 218 215 155  
3 215 218 219  
3 219 216 215  
3 216 219 220  
3 220 217 216  
3 217 220 211  
3 211 211 217  
3 159 163 221  
3 221 218 159  
3 218 221 222  
3 222 219 218  
3 219 222 223  
3 223 220 219  
3 220 223 211  
3 211 211 220  
3 163 167 224  
3 224 221 163  
3 221 224 225  
3 225 222 221  
3 222 225 226  
3 226 223 222  
3 223 226 211  
3 211 211 223  
3 167 171 227  
3 227 224 167  
3 224 227 228  
3 228 225 224  
3 225 228 229  
3 229 226 225  
3 226 229 211  
3 211 211 226  
3 171 175 230  
3 230 227 171  
3 227 230 231  
3 231 228 227  
3 228 231 232  
3 232 229 228  
3 229 232 211  
3 211 211 229  
3 175 179 233  
3 233 230 175  
3 230 233 234  
3 234 231 230  
3 231 234 235  
3 235 232 231  
3 232 235 211  
3 211 211 232  
3 179 183 236  
3 236 233 179  
3 233 236 237  
3 237 234 233  
3 234 237 238  
3 238 235 234  
3 235 238 211  
3 211 211 235  
3 183 187 239  
3 239 236 183  
3 236 239 240  
3 240 237 236  
3 237 240 241  
3 241 238 237  
3 238 241 211  
3 211 211 238  
3 187 191 242  
3 242 239 187  
3 239 242 243  
3 243 240 239  
3 240 243 244  
3 244 241 240  
3 241 244 211  
3 211 211 241  
3 191 195 245  
3 245 242 191  
3 242 245 246  
3 246 243 242  
3 243 246 247  
3 247 244 243  
3 244 247 211  
3 211 211 244  
3 195 199 248  
3 248 245 195  
3 245 248 249  
3 249 246 245  
3 246 249 250  
3 250 247 246  
3 247 250 211  
3 211 211 247  
3 199 203 251  
3 251 248 199  
3 248 251 252  
3 252 249 248  
3 249 252 253  
3 253 250 249  
3 250 253 211  
3 211 211 250  
3 203 207 254  
3 254 251 203  
3 251 254 255  
3 255 252 251  
3 252 255 256  
3 256 253 252  
3 253 256 211  
3 211 211 253  
3 207 147 208  
3 208 254 207  
3 254 208 209  
3 209 255 254  
3 255 209 210  
3 210 256 255  
3 256 210 211  
3 211 211 256  
3 257 262 263  
3 263 258 257  
3 258 263 264  
3 264 259 258  
3 259 264 265  
3 265 260 259  
3 260 265 266  
3 266 261 260  
3 262 267 268  
3 268 263 262  
3 263 268 269  
3 269 264 263  
3 264 269 270  
3 270 265 264  
3 265 270 271  
3 271 266 265  
3 267 272 273  
3 273 268 267  
3 268 273 274  
3 274 269 268  
3 269 274 275  
3 275 270 269  
3 270 275 276  
3 276 271 270  
3 272 277 278  
3 278 273 272  
3 273 278 279  
3 279 274 273  
3 274 279 280  
3 280 275 274  
3 275 280 281  
3 281 276 275  
3 277 282 283  
3 283 278 277  
3 278 283 284  
3 284 279 278  
3 279 284 285  
3 285 280 279  
3 280 285 286  
3 286 281 280  
3 282 287 288  
3 288 283 282  
3 283 288 289  
3 289 284 283  
3 284 289 290  
3 290 285 284  
3 285 290 291  
3 291 286 285  
3 287 292 293  
3 293 288 287  
3 288 293 294  
3 294 289 288  
3 289 294 295  
3 295 290 289  
3 290 295 296  
3 296 291 290  
3 292 257 258  
3 258 293 292  
3 293 258 259  
3 259 294 293  
3 294 259 260  
3 260 295 294  
3 295 260 261  
3 261 296 295  
3 261 266 301  
3 301 297 261  
3 297 301 302  
3 302 298 297  
3 298 302 303  
3 303 299 298  
3 299 303 304  
3 304 300 299  
3 266 271 305  
3 305 301 266  
3 301 305 306  
3 306 302 301  
3 302 306 307  
3 307 303 302  
3 303 307 308  
3 308 304 303  
3 271 276 309  
3 309 305 271  
3 305 309 310  
3 310 306 305  
3 306 310 311  
3 311 307 306  
3 307 311 312  
3 312 308 307  
3 276 281 313  
3 313 309 276  
3 309 313 314  
3 314 310 309  
3 310 314 315  
3 315 311 310  
3 311 315 316  
3 316 312 311  
3 281 286 317  
3 317 313 281  
3 313 317 318  
3 318 314 313  
3 314 318 319  
3 319 315 314  
3 315 319 320  
3 320 316 315  
3 286 291 321  
3 321 317 286  
3 317 321 322  
3 322 318 317  
3 318 322 323  
3 323 319 318  
3 319 323 324  
3 324 320 319  
3 291 296 325  
3 325 321 291  
3 321 325 326  
3 326 322 321  
3 322 326 327  
3 327 323 322  
3 323 327 328  
3 328 324 323  
3 296 261 297  
3 297 325 296  
3 325 297 298  
3 298 326 325  
3 326 298 299  
3 299 327 326  
3 327 299 300  
3 300 328 327  
3 329 334 335  
3 335 330 329  
3 330 335 336  
3 336 331 330  
3 331 336 337  
3 337 332 331  
3 332 337 338  
3 338 333 332  
3 334 339 340  
3 340 335 334  
3 335 340 341  
3 341 336 335  
3 336 341 342  
3 342 337 336  
3 337 342 343  
3 343 338 337  
3 339 344 345  
3 345 340 339  
3 340 345 346  
3 346 341 340  
3 341 346 347  
3 347 342 341  
3 342 347 348  
3 348 343 342  
3 344 349 350  
3 350 345 344  
3 345 350 351  
3 351 346 345  
3 346 351 352  
3 352 347 346  
3 347 352 353  
3 353 348 347  
3 349 354 355  
3 355 350 349  
3 350 355 356  
3 356 351 350  
3 351 356 357  
3 357 352 351  
3 352 357 358  
3 358 353 352  
3 354 359 360  
3 360 355 354  
3 355 360 361  
3 361 356 355  
3 356 361 362  
3 362 357 356  
3 357 362 363  
3 363 358 357  
3 359 364 365  
3 365 360 359  
3 360 365 366  
3 366 361 360  
3 361 366 367  
3 367 362 361  
3 362 367 368  
3 368 363 362  
3 364 329 330  
3 330 365 364  
3 365 330 331  
3 331 366 365  
3 366 331 332  
3 332 367 366  
3 367 332 333  
3 333 368 367  
3 333 338 373  
3 373 369 333  
3 369 373 374  
3 374 370 369  
3 370 374 375  
3 375 371 370  
3 371 375 376  
3 376 372 371  
3 338 343 377  
3 377 373 338  
3 373 377 378  
3 378 374 373  
3 374 378 379  
3 379 375 374  
3 375 379 380  
3 380 376 375  
3 343 348 381  
3 381 377 343  
3 377 381 382  
3 382 378 377  
3 378 382 383  
3 383 379 378  
3 379 383 384  
3 384 380 379  
3 348 353 385  
3 385 381 348  
3 381 385 386  
3 386 382 381  
3 382 386 387  
3 387 383 382  
3 383 387 388  
3 388 384 383  
3 353 358 389  
3 389 385 353  
3 385 389 390  
3 390 386 385  
3 386 390 391  
3 391 387 386  
3 387 391 392  
3 392 388 387  
3 358 363 393  
3 393 389 358  
3 389 393 394  
3 394 390 389  
3 390 394 395  
3 395 391 390  
3 391 395 396  
3 396 392 391  
3 363 368 397  
3 397 393 363  
3 393 397 398  
3 398 394 393  
3 394 398 399  
3 399 395 394  
3 395 399 400  
3 400 396 395  
3 368 333 369  
3 369 397 368  
3 397 369 370  
3 370 398 397  
3 398 370 371  
3 371 399 398  
3 399 371 372  
3 372 400 399  
3 401 401 406  
3 406 402 401  
3 402 406 407  
3 407 403 402  
3 403 407 408  
3 408 404 403  
3 404 408 409  
3 409 405 404  
3 401 401 410  
3 410 406 401  
3 406 410 411  
3 411 407 406  
3 407 411 412  
3 412 408 407  
3 408 412 413  
3 413 409 408  
3 401 401 414  
3 414 410 401  
3 410 414 415  
3 415 411 410  
3 411 415 416  
3 416 412 411  
3 412 416 417  
3 417 413 412  
3 401 401 418  
3 418 414 401  
3 414 418 419  
3 419 415 414  
3 415 419 420  
3 420 416 415  
3 416 420 421  
3 421 417 416  
3 401 401 422  
3 422 418 401  
3 418 422 423  
3 423 419 418  
3 419 423 424  
3 424 420 419  
3 420 424 425  
3 425 421 420  
3 401 401 426  
3 426 422 401  
3 422 426 427  
3 427 423 422  
3 423 427 428  
3 428 424 423  
3 424 428 429  
3 429 425 424  
3 401 401 430  
3 430 426 401  
3 426 430 431  
3 431 427 426  
3 427 431 432  
3 432 428 427  
3 428 432 433  
3 433 429 428  
3 401 401 434  
3 434 430 401  
3 430 434 435  
3 435 431 430  
3 431 435 436  
3 436 432 431  
3 432 436 437  
3 437 433 432  
3 401 401 438  
3 438 434 401  
3 434 438 439  
3 439 435 434  
3 435 439 440  
3 440 436 435  
3 436 440 441  
3 441 437 436  
3 401 401 442  
3 442 438 401  
3 438 442 443  
3 443 439 438  
3 439 443 444  
3 444 440 439  
3 440 444 445  
3 445 441 440  
3 401 401 446  
3 446 442 401  
3 442 446 447  
3 447 443 442  
3 443 447 448  
3 448 444 443  
3 444 448 449  
3 449 445 444  
3 401 401 450  
3 450 446 401  
3 446 450 451  
3 451 447 446  
3 447 451 452  
3 452 448 447  
3 448 452 453  
3 453 449 448  
3 401 401 454  
3 454 450 401  
3 450 454 455  
3 455 451 450  
3 451 455 456  
3 456 452 451  
3 452 456 457  
3 457 453 452  
3 401 401 458  
3 458 454 401  
3 454 458 459  
3 459 455 454  
3 455 459 460  
3 460 456 455  
3 456 460 461  
3 461 457 456  
3 401 401 462  
3 462 458 401  
3 458 462 463  
3 463 459 458  
3 459 463 464  
3 464 460 459  
3 460 464 465  
3 465 461 460  
3 401 401 402  
3 402 462 401  
3 462 402 403  
3 403 463 462  
3 463 403 404  
3 404 464 463  
3 464 404 405  
3 405 465 464  
3 405 409 470  
3 470 466 405  
3 466 470 471  
3 471 467 466  
3 467 471 472  
3 472 468 467  
3 468 472 473  
3 473 469 468  
3 409 413 474  
3 474 470 409  
3 470 474 475  
3 475 471 470  
3 471 475 476  
3 476 472 471  
3 472 476 477  
3 477 473 472  
3 413 417 478  
3 478 474 413  
3 474 478 479  
3 479 475 474  
3 475 479 480  
3 480 476 475  
3 476 480 481  
3 481 477 476  
3 417 421 482  
3 482 478 417  
3 478 482 483  
3 483 479 478  
3 479 483 484  
3 484 480 479  
3 480 484 485  
3 485 481 480  
3 421 425 486  
3 486 482 421  
3 482 486 487  
3 487 483 482  
3 483 487 488  
3 488 484 483  
3 484 488 489  
3 489 485 484  
3 425 429 490  
3 490 486 425  
3 486 490 491  
3 491 487 486  
3 487 491 492  
3 492 488 487  
3 488 492 493  
3 493 489 488  
3 429 433 494  
3 494 490 429  
3 490 494 495  
3 495 491 490  
3 491 495 496  
3 496 492 491  
3 492 496 497  
3 497 493 492  
3 433 437 498  
3 498 494 433  
3 494 498 499  
3 499 495 494  
3 495 499 500  
3 500 496 495  
3 496 500 501  
3 501 497 496  
3 437 441 502  
3 502 498 437  
3 498 502 503  
3 503 499 498  
3 499 503 504  
3 504 500 499  
3 500 504 505  
3 505 501 500  
3 441 445 506  
3 506 502 441  
3 502 506 507  
3 507 503 502  
3 503 507 508  
3 508 504 503  
3 504 508 509  
3 509 505 504  
3 445 449 510  
3 510 506 445  
3 506 510 511  
3 511 507 506  
3 507 511 512  
3 512 508 507  
3 508 512 513  
3 513 509 508  
3 449 453 514  
3 514 510 449  
3 510 514 515  
3 515 511 510  
3 511 515 516  
3 516 512 511  
3 512 516 517  
3 517 513 512  
3 453 457 518  
3 518 514 453  
3 514 518 519  
3 519 515 514  
3 515 519 520  
3 520 516 515  
3 516 520 521  
3 521 517 516  
3 457 461 522  
3 522 518 457  
3 518 522 523  
3 523 519 518  
3 519 523 524  
3 524 520 519  
3 520 524 525  
3 525 521 520  
3 461 465 526  
3 526 522 461  
3 522 526 527  
3 527 523 522  
3 523 527 528  
3 528 524 523  
3 524 528 529  
3 529 525 524  
3 465 405 466  
3 466 526 465  
3 526 466 467  
3 467 527 526  
3 527 467 468  
3 468 528 527  
3 528 468 469  
3 469 529 528  
